720 3 1 0.389
720 3 2 0.269
720 3 4 0.253
720 3 8 0.252
720 3 16 0.251
720 5 1 1.013
720 5 2 0.663
720 5 4 0.556
720 5 8 0.526
720 5 16 0.522
720 7 1 1.823
720 7 2 1.299
720 7 4 1.189
720 7 8 1.191
720 7 16 1.061
720 9 1 3.273
720 9 2 1.818
720 9 4 1.82
720 9 8 1.812
720 9 16 1.731
720 11 1 4.569
720 11 2 2.877
720 11 4 2.569
720 11 8 2.541
720 11 16 2.527
720 13 1 6.244
720 13 2 3.736
720 13 4 3.092
720 13 8 3.071
720 13 16 3.092
720 15 1 7.807
720 15 2 4.492
720 15 4 3.857
720 15 8 3.86
720 15 16 3.841
1080 3 1 0.802
1080 3 2 0.604
1080 3 4 0.481
1080 3 8 0.46
1080 3 16 0.45
1080 5 1 1.908
1080 5 2 1.165
1080 5 4 1.06
1080 5 8 1.054
1080 5 16 1.035
1080 7 1 3.724
1080 7 2 2.091
1080 7 4 2.02
1080 7 8 1.994
1080 7 16 1.957
1080 9 1 5.96
1080 9 2 3.295
1080 9 4 3.217
1080 9 8 3.197
1080 9 16 3.128
1080 11 1 8.814
1080 11 2 4.83
1080 11 4 4.713
1080 11 8 4.628
1080 11 16 4.583
1080 13 1 12.255
1080 13 2 6.672
1080 13 4 6.527
1080 13 8 6.495
1080 13 16 6.34
1080 15 1 16.206
1080 15 2 8.741
1080 15 4 8.582
1080 15 8 8.549
1080 15 16 8.432
fondo4k 3 1 3.145
fondo4k 3 2 1.781
fondo4k 3 4 1.757
fondo4k 3 8 1.752
fondo4k 3 16 1.732
fondo4k 5 1 7.499
fondo4k 5 2 4.216
fondo4k 5 4 4.146
fondo4k 5 8 4.122
fondo4k 5 16 4.083
fondo4k 7 1 14.676
fondo4k 7 2 8.139
fondo4k 7 4 7.884
fondo4k 7 8 7.846
fondo4k 7 16 7.776
fondo4k 9 1 23.644
fondo4k 9 2 12.974
fondo4k 9 4 12.704
fondo4k 9 8 12.623
fondo4k 9 16 12.516
fondo4k 11 1 34.939
fondo4k 11 2 19.021
fondo4k 11 4 18.696
fondo4k 11 8 18.562
fondo4k 11 16 18.475
fondo4k 13 1 47.977
fondo4k 13 2 26.159
fondo4k 13 4 25.871
fondo4k 13 8 25.686
fondo4k 13 16 25.525
fondo4k 15 1 64.175
fondo4k 15 2 34.593
fondo4k 15 4 34.456
fondo4k 15 8 34.215
fondo4k 15 16 33.975
